car 580.035087 325.197701 592.611794 332.384392
car 583.628433 335.079399 592.611794 345.859433
car 573.746735 341.367754 587.221776 357.537804
car 566.560046 344.961097 578.238417 362.029484
car 553.085002 344.062761 571.051726 368.317838
car 527.931588 341.367754 560.271689 376.402864
car 475.828089 338.672745 534.219943 380.894546
car 345.569341 326.096037 481.218106 427.608026
car 620.460216 337.774408 633.036923 353.944459
car 632.138586 345.859433 647.410301 366.521166
car 643.816957 346.75777 664.478689 368.317838
car 661.78368 339.571081 705.802154 379.097873
car 680.648742 346.75777 745.328946 389.877907
car 741.735602 333.282726 876.486031 436.59139
car 599.908899 323.401028 613.383942 335.079401
car 0 263.212504 356.639468 522.831663
car 869.589433 278.484218 1279.230738 537.205043
