car 0 311.074095 27.568249 360.971408
car 17.588787 310.076149 30.562087 327.041234
car 79.461453 312.072042 89.440914 329.037125
car 88.442969 315.06588 101.41627 333.028914
car 97.424486 313.069989 117.383411 339.016591
car 104.410109 309.078203 143.330013 347.000161
car 184.245807 319.057666 240.130795 372.946763
car 205.202678 318.059719 272.065075 383.92417
car 240.130796 312.072042 343.917203 403.883093
car 125.366979 320.05561 181.251967 354.983729
car 288.032214 315.06588 496.602975 438.811211
car 53.51485 309.078203 76.467613 328.039181
