car 0.997945 325.330471 108.776139 476.020351
car 1208.512879 522.923825 1279.367064 679.601382
car 81.831591 236.513256 455.063479 563.839617
car 492.985435 327.326361 526.915608 364.250372
car 436.102501 337.305824 468.036779 378.221619
car 453.067587 330.320201 485.999811 379.219566
car 525.91766 331.318146 543.880693 351.277072
car 547.872478 335.309933 566.833456 350.279127
car 703.552089 332.316093 797.359035 465.042943
car 669.621918 340.299661 738.480208 434.106607
car 628.706123 324.332525 695.56852 389.19903
car 614.734876 347.285287 640.681479 385.207245
car 605.753359 338.303771 636.689693 381.215457
car 592.780059 336.30788 611.741038 368.24216
car 578.808811 338.303771 604.755412 360.258589
car 574.817028 331.318146 589.78622 356.266802
car 761.43297 194.599513 1278.369114 584.796488
