car 0 220.852466 286.98343 545.268518
car 229.586744 331.902574 384.308245 454.182472
car 333.15033 334.398084 437.96167 421.740866
car 395.538032 325.663805 479.137551 404.27231
car 479.137552 340.636855 496.60611 381.812737
car 491.615093 333.15033 511.579158 375.573968
car 509.083649 344.380116 526.552206 371.830705
car 516.570174 336.893591 536.534237 361.848672
car 532.790976 336.893591 547.764025 360.600917
car 546.516271 339.389101 556.498304 356.857657
car 1217.807946 529.047714 1278.947894 680.025952
car 814.78339 293.222199 1277.700141 591.435416
car 729.936115 350.618886 858.454781 442.952685
car 692.503494 348.123378 762.377721 415.502095
car 667.548413 346.875624 714.963067 398.033539
car 651.32761 339.389101 717.458575 388.051508
car 627.620283 345.62787 666.30066 379.31723
car 631.363546 331.902574 671.291675 346.875624
car 616.390497 345.62787 631.363546 368.087443
car 606.408465 338.141345 627.620283 365.591934
